   2.0000000e+00  -1.9622769e+00  -9.0262948e-02   6.6523079e-01  -1.7795452e+00   1.9647753e+00   1.2776585e+00   1.9609735e+00   6.0637549e-01  -1.8189610e-02   2.0744294e-01
   1.0000000e+00  -4.7609971e-01   3.1032983e-01   2.7077443e-01   1.9787187e-02  -6.2595225e-01  -2.6390338e-01  -7.1284671e-01  -4.3783591e-01   8.4667267e-02  -8.8023146e-02
   1.0000000e+00   1.2608490e-01   2.9903127e-01   8.1186545e-01   2.0385001e+00   3.6837018e-02   4.8809840e-01   2.8251428e-01  -6.7968909e-01   1.3852924e-02   1.1991339e+00
   2.0000000e+00   6.0400191e-01   1.6645374e+00  -1.3723073e+00   2.3118855e-01  -4.3463705e-01  -9.3372735e-01   5.0465125e-01   8.0690998e-01  -5.0691180e-01   1.3917291e-01
   2.0000000e+00  -1.2396005e+00  -1.0770195e+00  -1.0369125e+00   6.9171633e-01   8.1367813e-01  -8.1839649e-01   6.6940743e-01  -6.6500384e-01  -3.8640700e-02  -3.6930316e-01
   1.0000000e+00  -4.8975689e-02   1.6173136e-01  -1.5427533e+00  -1.1967169e+00  -9.7491928e-01   1.5928767e+00   7.3210634e-01  -9.3211319e-01  -3.0732243e-01   6.1591652e-01
   1.0000000e+00  -1.0805287e+00   2.5948405e-01  -3.4054697e-01   1.0184725e+00  -9.9132987e-01  -1.0424500e+00   4.0898793e-02  -1.0832619e+00   3.3287131e-01  -8.7194538e-01
   1.0000000e+00  -3.9730108e-01   2.5492797e-01  -3.6761597e-01   1.7005487e-01  -1.3814727e+00  -4.7910642e-01   5.9667943e-01  -1.6504144e+00  -8.8928632e-01  -6.7557105e-01
   2.0000000e+00  -1.2166486e+00  -1.9660088e-01   2.6178909e-01  -1.8301747e-01  -2.2978790e-01   3.1110653e-01  -1.3134119e-01   2.5882529e+00   1.5081448e+00   1.8775346e+00
   2.0000000e+00  -9.6284120e-01   1.8335040e+00   1.1648801e-01   4.0582945e-02   3.0132828e+00   6.4784393e-01  -9.9561035e-01  -4.0889757e-01   5.5572818e-01  -2.3989775e-01
   2.0000000e+00   1.3956343e+00   1.6089406e+00   2.6687552e-01   6.8813907e-01  -1.1534517e+00  -1.7373132e+00   1.5990283e-01   3.6093847e-01  -1.3453545e+00   9.7508129e-01
   2.0000000e+00  -1.2521892e-02  -2.3862167e+00   9.3178741e-01  -6.6530257e-01  -1.2032662e+00   3.5828625e-01   2.8364908e-01  -5.4814549e-01  -8.1977379e-01  -4.3531025e-01
   2.0000000e+00   9.4360949e-01  -2.1984088e-01   5.2752600e-01  -2.3012371e+00   4.1707040e-01   1.6917357e+00  -3.5531504e-01  -1.2783952e+00  -7.1013741e-01  -1.1307346e+00
   2.0000000e+00  -7.5142055e-01  -1.1659922e+00  -1.2590889e+00  -8.2889405e-01  -1.9178358e+00   7.8674073e-01  -2.1076392e+00   1.4655956e+00   1.2526197e-01  -1.1212209e+00
   2.0000000e+00   4.7916808e-01   7.3836777e-01  -1.7855186e+00   3.7074167e-01   6.5683658e-01  -1.6620529e-01   9.8154046e-01   2.6569453e+00   6.2403699e-01  -2.3926749e-01
   2.0000000e+00   2.0372891e-02  -5.6677148e-01   9.6488121e-01   6.9931631e-01   1.7896612e+00   8.9156012e-01   9.1129451e-01  -3.3653392e-01   2.3772160e+00  -2.5386587e-01
   2.0000000e+00  -4.5775472e-01  -1.8676199e-01  -1.8839059e-01  -2.2738948e+00  -2.6058571e-01   5.9845065e-01   4.1640555e-01   7.3385631e-01   5.5409886e-01  -9.1915243e-01
   1.0000000e+00  -5.8577065e-01   7.5918977e-01  -9.0105210e-01  -2.0267161e-01   3.1220325e-01  -2.1279316e-01  -3.0573282e-01  -2.6920961e-01   7.4366162e-01  -3.0619567e-01
   2.0000000e+00   2.3387821e-01  -1.8863647e+00  -1.5942869e+00  -8.3744285e-01   8.4726988e-01  -1.5260288e+00   1.7606441e+00  -2.4464818e-02   6.2041270e-01   3.5070160e-01
   2.0000000e+00  -1.5079176e-01  -5.0980135e-01   3.1078596e-01   2.7726860e-01  -2.9341104e-01   6.7198236e-01  -2.4844980e+00   1.1951955e+00   3.1051568e-01   1.9139520e-01
   2.0000000e+00  -2.1445471e-01  -6.9524574e-01  -1.7965778e-02  -2.6421859e-01   7.3484463e-01  -1.3686021e+00   1.7788396e-01  -2.3851650e+00  -1.2819446e+00  -1.5821701e+00
   1.0000000e+00  -1.2061684e+00   4.8086072e-01   3.8352665e-01   1.1737248e+00  -1.0176949e+00  -5.8513143e-01   5.5178766e-01   1.1441705e+00  -8.1104043e-01  -4.3880699e-01
   2.0000000e+00   2.4540437e-01   1.1399005e+00   3.7291995e-01  -1.7103179e+00  -4.9926198e-02   1.4407350e+00   1.9814699e+00   5.5339124e-01  -2.7329490e-01  -1.2105088e+00
   2.0000000e+00   1.1898099e+00  -2.7977639e-01  -9.7052081e-02  -1.1942217e+00  -4.1776295e-01   4.7048852e-01  -1.0838494e+00   2.0794894e+00   7.6143063e-01   4.9525604e-01
   2.0000000e+00   3.6704643e-01  -6.8661838e-01  -6.2878208e-02  -8.7315017e-01  -2.1671684e+00   1.5636012e-01  -5.2503665e-01   5.9646680e-02   2.0561333e+00   1.1351900e+00
   1.0000000e+00  -5.5026913e-01   8.2730054e-01   4.1911435e-02  -2.1318606e+00  -9.1513456e-01   1.8345517e+00  -2.4124068e-01   2.0172219e+00  -1.1867610e+00  -9.8723749e-01
   1.0000000e+00   6.4711414e-01   2.5055749e-01   3.8802049e-01   1.1466082e+00   1.0369865e+00   2.7805651e-01  -2.0936567e-01  -6.3355416e-01   4.6136252e-01  -6.8501815e-01
   2.0000000e+00  -9.1128301e-01  -1.3664242e+00  -1.1398721e-01   7.8036142e-01  -1.9898975e+00   4.0195972e-01   2.5928606e-01  -8.9421866e-01   7.1632191e-01  -3.6881256e-01
   2.0000000e+00  -1.0543802e+00  -2.5318438e+00   1.0995358e+00  -8.5635010e-01  -1.1740242e+00   8.2428883e-01  -1.4159515e+00  -1.2119116e-02   6.7754691e-01  -4.0929861e-01
   2.0000000e+00  -1.2561453e+00   1.2941370e+00  -9.9831914e-01   1.8807552e+00  -4.1077636e-01   5.8993871e-01  -8.3254441e-02   2.1345406e-01  -7.4909508e-01  -1.5336432e+00
   2.0000000e+00   1.2364571e+00  -6.6003099e-01  -2.4833073e-01  -3.2908901e-01   8.7034785e-02   2.7955053e-01  -1.8147458e-01  -1.0065634e+00   4.9224959e-01   1.0452787e-01
   1.0000000e+00   3.4217460e-01   2.0375273e-01   7.9948069e-01  -1.1005499e-01  -3.3216079e-01  -2.4902948e-01   9.7850987e-02  -4.9652102e-01  -1.1604806e+00  -1.6310454e+00
   1.0000000e+00   1.3792971e+00   1.6908972e-01   6.9032873e-02   1.9777333e-01  -1.0935854e+00  -1.9691098e+00   5.8464362e-01  -7.5423377e-01   2.4338489e-01  -1.6087524e-01
   2.0000000e+00   1.5670662e-02  -3.0884994e-01  -8.5436979e-01  -9.0514068e-01  -8.7691557e-01   3.5585160e-01   1.1890402e+00  -6.8224305e-01  -8.7863951e-03  -5.8436107e-02
   2.0000000e+00  -1.2043697e+00  -2.5401211e+00  -1.8739726e+00   1.3546599e+00  -4.8739769e-01  -1.2083597e+00   1.2246395e+00  -3.9645778e-02  -1.5587308e+00   1.7917922e+00
   2.0000000e+00   1.8939594e-01  -7.8975599e-01  -1.2237765e+00  -3.9384195e-01  -7.3961908e-01   9.0971202e-01  -7.7897185e-01  -3.5686775e-01   5.0794697e-01   3.4753073e-01
   2.0000000e+00  -4.2328578e-01   4.7066609e-01   1.0331513e-01  -5.2290743e-01  -3.6355458e-01   6.3373112e-01  -1.2004458e+00  -1.3312482e+00   1.1276041e+00  -1.0026743e-03
   2.0000000e+00   1.5380378e+00   9.0170902e-01   1.1096956e+00   4.3590482e-01  -6.7733784e-02  -1.2992033e+00   8.2655189e-02   3.6109860e-01   1.3732964e+00  -8.8794775e-01
   1.0000000e+00  -1.0584630e-01   2.2511158e-01  -7.1451080e-01  -1.8116830e-01   6.3851317e-01  -7.4950409e-01  -4.4923123e-01  -4.3722199e-01   2.8723402e-01   2.1697314e-01
   1.0000000e+00   1.1575917e+00   3.4290141e-01   4.0426517e-01   4.7144115e-01   1.7934917e+00  -6.9504473e-01  -6.6206585e-01   1.0225135e-01   1.0917415e+00  -1.0814814e+00
   2.0000000e+00   2.0129983e-01   2.5222121e-01  -9.7301977e-01   2.2165609e+00  -1.4366705e+00  -1.6389795e+00  -1.4491238e+00   1.2023069e+00  -2.9243751e-01   4.9979897e-01
   2.0000000e+00   8.4840665e-01   7.3311887e-01   1.8469775e-01  -1.1376010e+00   1.0601853e+00   4.7109340e-01  -6.5449286e-01  -7.7425378e-01   3.7233377e-01   4.2764028e-01
   2.0000000e+00  -9.0971974e-01  -3.7652012e-02   9.8689686e-02  -6.1504690e-01   5.3599751e-01   2.1399174e+00  -9.5127239e-01   1.8214631e-01  -2.1327426e+00   7.6177095e-01
   2.0000000e+00  -7.5317258e-01   1.4362915e+00  -1.4600511e+00  -7.1082710e-02   1.7863668e+00   9.0480150e-01   1.2233264e+00  -1.0133110e+00  -2.2702254e-01   9.1537651e-01
   2.0000000e+00   4.3860471e-01   4.0281205e-01   9.4801892e-01   1.5545496e-01  -6.6676819e-01  -1.5137026e+00  -1.1392030e+00   9.1191873e-01  -9.2481138e-01   6.2409892e-01
   2.0000000e+00   2.3705246e+00  -3.9919371e-01  -9.7508385e-01  -5.3359680e-01  -6.7124062e-01  -1.2693640e+00   1.4512802e-01   1.4410458e+00   2.2582918e-01  -3.4609056e-01
   2.0000000e+00  -2.7349789e-01  -8.0871071e-02  -5.5786092e-01  -1.2918138e+00   5.6163433e-01  -1.1871877e+00  -1.2520427e+00  -1.0717631e+00   3.3497761e-01  -2.8123209e-01
   2.0000000e+00   4.6704864e-01  -8.7566841e-01  -8.6991250e-01   5.4950062e-01   9.4050405e-01  -6.4062409e-01   6.1129388e-01  -1.1982986e+00  -1.3744142e+00   7.7958190e-01
   1.0000000e+00  -1.2757737e+00   1.6896961e-01  -1.2652673e+00   1.3314056e+00  -6.4194217e-01   3.8445666e-01  -4.7812255e-01  -7.8022335e-01  -6.7649342e-01  -6.1211957e-01
   2.0000000e+00   1.0329874e-01   7.8388080e-01  -4.5798764e-01   3.0210661e-01   9.3511918e-02  -9.2601147e-01   1.5684473e+00  -5.1020905e-01   7.0740108e-01   3.8960425e-02
   1.0000000e+00  -3.6116031e-02   2.3835617e-03   8.0792001e-01   9.4265828e-01   6.4793130e-01  -7.4093978e-01   4.2211033e-03  -1.0736032e-01  -6.7337018e-01  -9.0746361e-01
   2.0000000e+00   8.8894411e-01   1.7059306e+00  -5.6521364e-01   5.1071136e-01  -7.1907807e-01   6.1728880e-01  -3.9846023e-01  -6.1613711e-01  -1.0398460e+00  -7.0470753e-02
   2.0000000e+00  -2.7202096e-01  -1.3488917e-01   1.8027488e+00  -1.2448315e-01   1.2014872e+00   5.7135976e-01   2.2635698e+00  -3.7385821e-01   1.6936890e+00  -2.0549109e+00
   2.0000000e+00  -8.7780106e-01   4.4908935e-01   1.2942089e+00  -3.5835148e-01  -3.0307523e-01   6.5835877e-01  -1.1679072e+00  -5.6341782e-01   5.5110816e-01  -1.9828924e+00
   1.0000000e+00   1.7588339e-01   5.0214198e-01   1.4895242e+00  -1.0320807e-03   1.5473918e-01   1.3634323e-01   7.0595513e-01   1.5380103e+00   3.7448673e-01   1.1176952e+00
   2.0000000e+00  -4.8373960e-01  -3.9439206e-01   1.5972588e+00   1.2490175e+00   1.4379892e+00  -2.8313026e+00   2.6765410e-01  -4.0605066e-01  -1.7648233e+00   8.4131447e-02
   2.0000000e+00  -2.0983958e-01  -5.3443545e-01  -2.0827298e-01  -2.1014514e-01   1.8988026e+00   7.0290515e-01   7.3968908e-01   7.6640288e-02  -5.1591102e-01  -2.0700486e+00
   2.0000000e+00  -1.4906643e+00  -8.6891980e-01  -7.8271545e-02  -1.5901398e+00   3.8695474e-01  -2.4057347e-01   1.6320424e+00  -1.1842961e+00  -9.4940196e-02  -7.6156615e-01
   1.0000000e+00  -1.3527353e+00   7.4790233e-01  -1.1583121e-01  -1.2623434e+00   1.5405697e+00   6.6927582e-01   3.6087697e-01  -6.8592950e-01  -9.0410717e-01  -1.7886815e+00
   2.0000000e+00  -1.2684200e+00  -1.1358137e+00  -2.3135114e+00   7.0644250e-02   3.3211442e-01   3.8032309e-01   2.3606163e+00  -9.6917158e-01   2.0154766e+00   4.5807163e-01
   2.0000000e+00  -1.8336279e+00  -7.1206815e-01  -9.9851595e-01   9.3230194e-01  -1.0627591e-01  -2.3215407e+00  -2.2357285e-02  -1.3276984e-01  -6.1613616e-01   1.2820314e-01
   1.0000000e+00   3.6941563e-01   3.1570751e-01   2.6532188e-01   2.4750905e+00   1.0047250e+00  -2.6285972e+00  -1.4553009e-02   1.2263594e+00   7.2135902e-01  -7.0301445e-02
   2.0000000e+00   2.0708183e-01   1.1589345e+00  -1.0086083e-01  -1.5924433e-01  -9.2760092e-01   7.6145270e-02  -1.6440844e-02   3.7811395e-01   2.6167904e-01  -7.5172988e-01
   1.0000000e+00   2.0553377e-01   8.1650039e-02  -2.5601720e-01   1.0381469e+00   3.7378407e-01   5.9380118e-01   6.9950599e-01   6.4563554e-01   1.1606892e+00   8.2233819e-01
   2.0000000e+00  -2.8547999e-01  -1.7685800e-01   6.0314420e-01  -1.6541545e-01   3.4564893e-01   2.7780113e-01  -2.5105595e+00   2.3632680e+00   8.7203815e-01   2.2065651e+00
   1.0000000e+00  -4.1281275e-01   4.3850259e-01   7.9459809e-01   9.4935148e-01  -5.1081688e-01  -3.8919786e-02   4.9937418e-01   1.6502434e+00  -1.8434490e+00   3.0691290e-01
   2.0000000e+00   5.4305098e-01  -3.7868246e-01   1.6447831e-01   1.7463637e+00   8.6336321e-01  -2.4667452e-01  -1.1687356e-01   9.4994273e-01  -1.1297813e+00  -6.8161314e-01
   1.0000000e+00   1.0288926e+00   6.9940448e-01   7.4208259e-01   1.0540284e+00  -3.6724726e-01   9.0287752e-01  -1.6323929e-01   1.2771272e-01   3.5147457e-01  -1.0252189e+00
   2.0000000e+00   3.3316019e-01  -1.1212042e+00   1.0323922e+00   5.3631785e-01   2.3776423e-01   4.1263516e-01  -2.4706143e-01  -5.2236669e-01  -6.2758172e-01   1.1866381e+00
   2.0000000e+00  -1.1182698e-01  -3.0106374e-01  -4.0917293e-01  -2.0816581e-01  -5.0191921e-03  -5.2159752e-01   5.5109263e-01  -2.2772762e+00   4.6058464e-01   2.0300344e+00
   2.0000000e+00   7.5597572e-01  -1.0517879e+00  -1.5769761e+00   4.2753259e-01  -7.1316450e-01   1.7493236e+00  -1.0494712e+00   9.3971940e-01  -4.7714992e-01  -1.0766594e+00
   1.0000000e+00   3.9284957e-01   6.6914611e-01   1.5086895e+00  -9.3724734e-01   1.4239585e+00  -7.8089423e-01  -4.9889927e-01   1.5843051e+00  -1.4709886e+00   7.6584237e-01
   1.0000000e+00   7.7202498e-02   2.9604789e-01   6.4006654e-01  -8.2924884e-01   1.0581255e+00  -1.2777070e+00   5.8146902e-01   3.6594339e-01   1.5817714e+00  -5.2952576e-01
   1.0000000e+00  -7.2594840e-01   2.6385554e-01  -1.6587589e-01  -4.6621995e-01   8.9468965e-01   2.1651807e+00  -6.1508640e-01  -2.9792209e-01   1.0611319e-01  -9.5757997e-01
   2.0000000e+00   2.7527030e-01  -1.6691531e+00   3.7571387e-01  -8.9048913e-02   1.9883955e+00   1.9595530e+00   1.5506093e+00   2.1819789e-01   4.4399765e-01   7.9623733e-01
   1.0000000e+00  -7.2245734e-01   5.6323886e-02  -8.6289769e-01   1.0859508e-01   1.6355113e+00  -5.7592533e-02  -1.2994199e-02  -2.0849350e+00   5.8618099e-01  -5.7038750e-01
   1.0000000e+00   5.2909141e-01   5.3351745e-01   3.1937571e-01  -5.5404178e-01  -9.3983444e-01   1.1620704e+00  -2.8644292e-01   3.9633411e-01  -4.7607094e-01  -1.4795925e+00
   2.0000000e+00  -4.6854250e-01   4.1033071e-01   8.7531051e-02  -1.5822708e-01   1.0513480e+00   6.2872253e-01   1.0943406e+00   1.9064602e+00  -1.6384424e+00  -4.9597740e-01
   2.0000000e+00   9.2582130e-01  -2.5276444e-01   1.3581182e-01  -5.2044015e-01   3.0252705e-01  -2.7120446e-01   1.7798219e+00  -1.0652909e-01  -1.1372394e+00  -3.5319036e-01
   2.0000000e+00   4.4867827e-01  -6.1913877e-01   1.5684238e-02  -4.6013900e-01  -9.0866761e-02   5.3312227e-01   5.4366827e-01  -6.0374731e-01  -3.2161545e-01   3.6050168e-01
   2.0000000e+00  -2.6050348e-01   5.7615747e-01  -4.9898738e-01  -5.9399473e-01  -7.1238528e-01   8.8018052e-01  -1.0001859e+00  -4.9918900e-01  -5.4966000e-01   1.4034162e-01
   2.0000000e+00  -9.2705103e-01   6.4802150e-01   4.8502455e-02   6.2372422e-01  -1.3287070e-01  -1.7129260e+00   1.2104790e+00  -5.6656040e-01   7.4534589e-01   1.2449185e+00
   2.0000000e+00  -5.0838041e-01  -1.6912540e+00   1.9441419e+00   1.1552357e+00  -3.9566345e-01  -1.2317249e-01   1.3774496e+00   2.1015034e+00   2.7202210e+00  -2.6987081e-01
   2.0000000e+00  -1.1344950e+00  -5.6082938e-01   2.1270810e+00  -1.9430199e+00  -1.3672834e-01  -1.4015212e+00  -8.1795126e-01  -3.2632247e-01  -1.9520024e+00  -1.1099861e-01
   2.0000000e+00  -7.8081599e-02   6.7742498e-01  -1.1797687e+00   6.4360026e-01  -2.2985814e+00  -4.0669634e-01  -4.9788151e-01   1.8807369e-01  -9.5111095e-03   1.6606641e+00
   2.0000000e+00  -1.0645393e+00  -7.0651222e-02   7.9542953e-01   1.4777429e+00   4.4279032e-01   1.0643463e+00  -1.7440667e+00  -1.3471964e+00  -9.4771558e-01  -1.1175624e+00
   2.0000000e+00   1.6260154e+00   6.0621545e-01  -1.7454505e+00  -1.4953061e-01   5.1393162e-02   1.3702044e+00   1.8530744e+00   4.6801180e-01  -3.1178441e-01  -5.2140284e-01
   2.0000000e+00  -4.5090418e-01  -1.0562296e+00  -1.1431722e+00  -1.1502501e+00   1.6739182e+00  -1.2662338e+00   1.3276124e+00   6.2103854e-01   2.0507184e+00  -8.4214124e-01
   1.0000000e+00  -1.6723353e+00   2.4238083e-01  -5.6570314e-01   1.2125126e+00   1.5167702e-01  -1.4615492e-02  -3.6641459e-01  -2.3444195e-01   7.6860833e-01  -4.3110945e-01
   2.0000000e+00   2.2129510e+00   1.0813502e+00   3.8559278e-01  -7.7573631e-01  -1.1506160e-01   1.0041690e+00   7.3359128e-01  -3.3749266e+00   2.4498643e-01   5.0538182e-01
   1.0000000e+00  -2.2239161e-03   4.5952192e-01  -1.1957040e+00  -1.2431157e+00   3.6215109e-01  -3.5165297e-01   5.7579735e-01  -7.9766231e-01  -3.6688192e-01  -2.6484115e-01
   2.0000000e+00  -1.0021024e+00  -3.9001571e-01   8.6184838e-02  -7.8257724e-01  -5.4438884e-01   2.5392335e+00   2.6892511e-01   1.1454379e+00   7.1650433e-01   1.7077706e-01
   2.0000000e+00   5.4796566e-01   5.6650062e-01   3.8529491e-01   2.5250967e-01  -2.6127897e-01  -9.0334269e-01  -1.3042789e+00   1.1845217e+00  -2.4933783e-01  -9.0613928e-01
   2.0000000e+00   1.2898119e+00   6.6336193e-01  -1.9118845e-01  -4.3294402e-01  -2.4768999e-01  -1.6608557e-01   1.8745974e+00   8.1129638e-02   3.0036076e-01  -1.3051713e+00
   2.0000000e+00  -4.5781004e-01  -7.2341109e-01   8.1241128e-01   1.1049663e+00   2.4097060e-01   2.1564431e-01   1.0689596e-01  -1.1563851e+00   4.1941791e-01  -1.0336046e-01
   1.0000000e+00   7.6407374e-01   5.7904428e-01   1.6087034e+00   3.2979530e-01   5.6984984e-01  -5.6751457e-01   3.0631200e-01  -1.2252567e+00   1.0040566e+00  -1.8617591e+00
   1.0000000e+00   1.5637796e+00   1.2553157e-01  -2.2924958e+00  -7.0649431e-01   4.0560263e-01   8.0773168e-01   5.2396220e-01   5.8549042e-01   1.3837235e+00  -1.6558107e+00
   2.0000000e+00  -2.2973151e+00   9.9420956e-01  -6.7135087e-01   4.4308688e-01  -1.0706517e+00   6.5302647e-02  -7.7646769e-01   9.4917702e-01  -1.4462274e+00  -3.1760193e-01
   1.0000000e+00   2.9353521e-01   4.0381450e-01  -1.7464972e-01  -1.4051118e-02  -1.1506690e-01  -5.8794624e-01  -2.6662746e-01   1.0724751e+00  -3.1319318e-02  -1.6032486e+00
   1.0000000e+00  -1.1909382e+00   8.2245993e-02   7.1925318e-01  -3.9906022e-01  -2.4061765e-01  -3.9462316e-01  -4.6406228e-01   3.6544461e-01  -3.0366037e-01   2.1426365e-01
